neighborsDict = {
	0 : [4, 5],
	1 : [5, 6],
	2 : [6, 7],
	3 : [7],
	4 : [0, 8],
	5 : [0, 1, 8, 9],
	6 : [1, 2, 9, 10],
	7 : [2, 3, 10, 11],
	8 : [4, 5, 12, 13],
	9 : [5, 6, 13, 14],
	10 : [6, 7, 14, 15],
	11 : [7, 8, 15, 16],
	12 : [7, 8, 15, 16],
	13 : [8, 9, 16, 17],
	14 : [9, 10, 17, 18],
	15 : [10, 11, 18, 19],
	16 : [12, 13, 20, 21],
	17 : [13, 14, 21, 22],
	18 : [14, 15, 22, 23],
	19 : [15, 16, 23, 24],
	20 : [15, 16, 23, 24],
	21 : [16, 17, 24, 25],
	22 : [17, 18, 25, 26],
	23 : [18, 19, 26, 27],
	24 : [20, 21, 28, 29],
	25 : [21, 22, 29, 30],
	26 : [22, 23, 30, 31],
	27 : [23, 31],
	28 : [24],
	29 : [25, 24],
	30 : [26, 25],
	31 : [27, 26],
}
